{
 "cells": [
  {
   "cell_type": "markdown",
   "metadata": {},
   "source": [
    "# Library"
   ]
  },
  {
   "cell_type": "code",
   "execution_count": 6,
   "metadata": {},
   "outputs": [],
   "source": [
    "import numpy as np\n",
    "import pandas as pd\n",
    "import random"
   ]
  },
  {
   "cell_type": "code",
   "execution_count": 2,
   "metadata": {},
   "outputs": [],
   "source": [
    "%load_ext autoreload\n",
    "%autoreload 2\n",
    "\n",
    "import sys\n",
    "sys.path.append(f'E:\\gitlab\\custom-script\\script')\n",
    "from ursar import optimization,statistic\n",
    "\n",
    "%reload_ext autoreload"
   ]
  },
  {
   "cell_type": "markdown",
   "metadata": {},
   "source": [
    "# Input Data"
   ]
  },
  {
   "cell_type": "code",
   "execution_count": 10,
   "metadata": {},
   "outputs": [],
   "source": [
    "#buat matriks\n",
    "n = 4\n",
    "S = np.ones((n,n))*999"
   ]
  },
  {
   "cell_type": "code",
   "execution_count": 11,
   "metadata": {},
   "outputs": [],
   "source": [
    "#isi matriks floyd_warshall\n",
    "S[0,2]=2\n",
    "S[1,0]=4\n",
    "S[1,2]=3\n",
    "S[2,3]=2\n",
    "S[3,1]=1"
   ]
  },
  {
   "cell_type": "markdown",
   "metadata": {},
   "source": [
    "# location to matrix"
   ]
  },
  {
   "cell_type": "code",
   "execution_count": 147,
   "metadata": {},
   "outputs": [],
   "source": [
    "cities = np.array([[35, 51],\n",
    "                   [113, 213],\n",
    "                   [82, 280],\n",
    "                   [322, 340],\n",
    "                   [256, 352],\n",
    "                   [160, 24],\n",
    "                   [322, 145],\n",
    "                   [12, 349],\n",
    "                   [282, 20],\n",
    "                   [241, 8],\n",
    "                   [398, 153],\n",
    "                   [182, 305],\n",
    "                   [153, 257],\n",
    "                   [275, 190],\n",
    "                   [242, 75],\n",
    "                   [19, 229],\n",
    "                   [303, 352],\n",
    "                   [39, 309],\n",
    "                   [383, 79],\n",
    "                   [226, 343]])"
   ]
  },
  {
   "cell_type": "code",
   "execution_count": 148,
   "metadata": {},
   "outputs": [
    {
     "data": {
      "text/html": [
       "<div>\n",
       "<style scoped>\n",
       "    .dataframe tbody tr th:only-of-type {\n",
       "        vertical-align: middle;\n",
       "    }\n",
       "\n",
       "    .dataframe tbody tr th {\n",
       "        vertical-align: top;\n",
       "    }\n",
       "\n",
       "    .dataframe thead th {\n",
       "        text-align: right;\n",
       "    }\n",
       "</style>\n",
       "<table border=\"1\" class=\"dataframe\">\n",
       "  <thead>\n",
       "    <tr style=\"text-align: right;\">\n",
       "      <th></th>\n",
       "      <th>0</th>\n",
       "      <th>1</th>\n",
       "      <th>2</th>\n",
       "      <th>3</th>\n",
       "      <th>4</th>\n",
       "      <th>5</th>\n",
       "      <th>6</th>\n",
       "      <th>7</th>\n",
       "      <th>8</th>\n",
       "      <th>9</th>\n",
       "      <th>10</th>\n",
       "      <th>11</th>\n",
       "      <th>12</th>\n",
       "      <th>13</th>\n",
       "      <th>14</th>\n",
       "      <th>15</th>\n",
       "      <th>16</th>\n",
       "      <th>17</th>\n",
       "      <th>18</th>\n",
       "      <th>19</th>\n",
       "    </tr>\n",
       "  </thead>\n",
       "  <tbody>\n",
       "    <tr>\n",
       "      <th>0</th>\n",
       "      <td>0.000000</td>\n",
       "      <td>179.799889</td>\n",
       "      <td>233.773395</td>\n",
       "      <td>407.295961</td>\n",
       "      <td>373.419335</td>\n",
       "      <td>127.882759</td>\n",
       "      <td>302.001656</td>\n",
       "      <td>298.886266</td>\n",
       "      <td>248.937743</td>\n",
       "      <td>210.440015</td>\n",
       "      <td>377.058351</td>\n",
       "      <td>293.470612</td>\n",
       "      <td>237.402612</td>\n",
       "      <td>277.346354</td>\n",
       "      <td>208.386660</td>\n",
       "      <td>178.717654</td>\n",
       "      <td>403.019851</td>\n",
       "      <td>258.031006</td>\n",
       "      <td>349.124620</td>\n",
       "      <td>348.919762</td>\n",
       "    </tr>\n",
       "    <tr>\n",
       "      <th>1</th>\n",
       "      <td>179.799889</td>\n",
       "      <td>0.000000</td>\n",
       "      <td>73.824115</td>\n",
       "      <td>244.560831</td>\n",
       "      <td>199.424171</td>\n",
       "      <td>194.756258</td>\n",
       "      <td>219.783985</td>\n",
       "      <td>169.401889</td>\n",
       "      <td>256.534598</td>\n",
       "      <td>241.679540</td>\n",
       "      <td>291.247318</td>\n",
       "      <td>115.000000</td>\n",
       "      <td>59.464275</td>\n",
       "      <td>163.624570</td>\n",
       "      <td>188.904738</td>\n",
       "      <td>95.351980</td>\n",
       "      <td>235.416652</td>\n",
       "      <td>121.210561</td>\n",
       "      <td>301.423290</td>\n",
       "      <td>172.246916</td>\n",
       "    </tr>\n",
       "    <tr>\n",
       "      <th>2</th>\n",
       "      <td>233.773395</td>\n",
       "      <td>73.824115</td>\n",
       "      <td>0.000000</td>\n",
       "      <td>247.386338</td>\n",
       "      <td>188.308258</td>\n",
       "      <td>267.619132</td>\n",
       "      <td>275.363396</td>\n",
       "      <td>98.290386</td>\n",
       "      <td>328.024389</td>\n",
       "      <td>315.063486</td>\n",
       "      <td>340.565706</td>\n",
       "      <td>103.077641</td>\n",
       "      <td>74.632433</td>\n",
       "      <td>212.953046</td>\n",
       "      <td>260.048072</td>\n",
       "      <td>81.055537</td>\n",
       "      <td>232.432786</td>\n",
       "      <td>51.865210</td>\n",
       "      <td>361.941984</td>\n",
       "      <td>157.178243</td>\n",
       "    </tr>\n",
       "    <tr>\n",
       "      <th>3</th>\n",
       "      <td>407.295961</td>\n",
       "      <td>244.560831</td>\n",
       "      <td>247.386338</td>\n",
       "      <td>0.000000</td>\n",
       "      <td>67.082039</td>\n",
       "      <td>355.105618</td>\n",
       "      <td>195.000000</td>\n",
       "      <td>310.130618</td>\n",
       "      <td>322.490310</td>\n",
       "      <td>341.738204</td>\n",
       "      <td>201.853908</td>\n",
       "      <td>144.308697</td>\n",
       "      <td>188.281704</td>\n",
       "      <td>157.190967</td>\n",
       "      <td>276.812211</td>\n",
       "      <td>322.691803</td>\n",
       "      <td>22.472205</td>\n",
       "      <td>284.692817</td>\n",
       "      <td>268.033580</td>\n",
       "      <td>96.046864</td>\n",
       "    </tr>\n",
       "    <tr>\n",
       "      <th>4</th>\n",
       "      <td>373.419335</td>\n",
       "      <td>199.424171</td>\n",
       "      <td>188.308258</td>\n",
       "      <td>67.082039</td>\n",
       "      <td>0.000000</td>\n",
       "      <td>341.760150</td>\n",
       "      <td>217.267117</td>\n",
       "      <td>244.018442</td>\n",
       "      <td>333.016516</td>\n",
       "      <td>344.326880</td>\n",
       "      <td>244.468812</td>\n",
       "      <td>87.664132</td>\n",
       "      <td>140.121376</td>\n",
       "      <td>163.110392</td>\n",
       "      <td>277.353565</td>\n",
       "      <td>267.016853</td>\n",
       "      <td>47.000000</td>\n",
       "      <td>221.219348</td>\n",
       "      <td>301.094669</td>\n",
       "      <td>31.320920</td>\n",
       "    </tr>\n",
       "    <tr>\n",
       "      <th>5</th>\n",
       "      <td>127.882759</td>\n",
       "      <td>194.756258</td>\n",
       "      <td>267.619132</td>\n",
       "      <td>355.105618</td>\n",
       "      <td>341.760150</td>\n",
       "      <td>0.000000</td>\n",
       "      <td>202.200396</td>\n",
       "      <td>357.112027</td>\n",
       "      <td>122.065556</td>\n",
       "      <td>82.565126</td>\n",
       "      <td>270.712024</td>\n",
       "      <td>281.859894</td>\n",
       "      <td>233.105126</td>\n",
       "      <td>201.943061</td>\n",
       "      <td>96.566040</td>\n",
       "      <td>248.809164</td>\n",
       "      <td>357.816992</td>\n",
       "      <td>309.622351</td>\n",
       "      <td>229.682389</td>\n",
       "      <td>325.756044</td>\n",
       "    </tr>\n",
       "    <tr>\n",
       "      <th>6</th>\n",
       "      <td>302.001656</td>\n",
       "      <td>219.783985</td>\n",
       "      <td>275.363396</td>\n",
       "      <td>195.000000</td>\n",
       "      <td>217.267117</td>\n",
       "      <td>202.200396</td>\n",
       "      <td>0.000000</td>\n",
       "      <td>371.101064</td>\n",
       "      <td>131.244047</td>\n",
       "      <td>159.154013</td>\n",
       "      <td>76.419893</td>\n",
       "      <td>212.602916</td>\n",
       "      <td>202.743681</td>\n",
       "      <td>65.069194</td>\n",
       "      <td>106.301458</td>\n",
       "      <td>314.428052</td>\n",
       "      <td>207.870152</td>\n",
       "      <td>327.085616</td>\n",
       "      <td>89.872131</td>\n",
       "      <td>220.045450</td>\n",
       "    </tr>\n",
       "    <tr>\n",
       "      <th>7</th>\n",
       "      <td>298.886266</td>\n",
       "      <td>169.401889</td>\n",
       "      <td>98.290386</td>\n",
       "      <td>310.130618</td>\n",
       "      <td>244.018442</td>\n",
       "      <td>357.112027</td>\n",
       "      <td>371.101064</td>\n",
       "      <td>0.000000</td>\n",
       "      <td>425.606626</td>\n",
       "      <td>410.757836</td>\n",
       "      <td>432.911076</td>\n",
       "      <td>175.601822</td>\n",
       "      <td>168.359734</td>\n",
       "      <td>307.327187</td>\n",
       "      <td>357.737334</td>\n",
       "      <td>120.203993</td>\n",
       "      <td>291.015464</td>\n",
       "      <td>48.259714</td>\n",
       "      <td>458.847469</td>\n",
       "      <td>214.084096</td>\n",
       "    </tr>\n",
       "    <tr>\n",
       "      <th>8</th>\n",
       "      <td>248.937743</td>\n",
       "      <td>256.534598</td>\n",
       "      <td>328.024389</td>\n",
       "      <td>322.490310</td>\n",
       "      <td>333.016516</td>\n",
       "      <td>122.065556</td>\n",
       "      <td>131.244047</td>\n",
       "      <td>425.606626</td>\n",
       "      <td>0.000000</td>\n",
       "      <td>42.720019</td>\n",
       "      <td>176.479461</td>\n",
       "      <td>302.034766</td>\n",
       "      <td>269.833282</td>\n",
       "      <td>170.144057</td>\n",
       "      <td>68.007353</td>\n",
       "      <td>335.931541</td>\n",
       "      <td>332.663494</td>\n",
       "      <td>377.584428</td>\n",
       "      <td>116.970082</td>\n",
       "      <td>327.818547</td>\n",
       "    </tr>\n",
       "    <tr>\n",
       "      <th>9</th>\n",
       "      <td>210.440015</td>\n",
       "      <td>241.679540</td>\n",
       "      <td>315.063486</td>\n",
       "      <td>341.738204</td>\n",
       "      <td>344.326880</td>\n",
       "      <td>82.565126</td>\n",
       "      <td>159.154013</td>\n",
       "      <td>410.757836</td>\n",
       "      <td>42.720019</td>\n",
       "      <td>0.000000</td>\n",
       "      <td>213.714763</td>\n",
       "      <td>302.803567</td>\n",
       "      <td>264.092787</td>\n",
       "      <td>185.148589</td>\n",
       "      <td>67.007462</td>\n",
       "      <td>313.249102</td>\n",
       "      <td>349.542558</td>\n",
       "      <td>362.498276</td>\n",
       "      <td>158.760826</td>\n",
       "      <td>335.335653</td>\n",
       "    </tr>\n",
       "    <tr>\n",
       "      <th>10</th>\n",
       "      <td>377.058351</td>\n",
       "      <td>291.247318</td>\n",
       "      <td>340.565706</td>\n",
       "      <td>201.853908</td>\n",
       "      <td>244.468812</td>\n",
       "      <td>270.712024</td>\n",
       "      <td>76.419893</td>\n",
       "      <td>432.911076</td>\n",
       "      <td>176.479461</td>\n",
       "      <td>213.714763</td>\n",
       "      <td>0.000000</td>\n",
       "      <td>264.121184</td>\n",
       "      <td>266.159726</td>\n",
       "      <td>128.444541</td>\n",
       "      <td>174.413302</td>\n",
       "      <td>386.544952</td>\n",
       "      <td>220.513038</td>\n",
       "      <td>391.429432</td>\n",
       "      <td>75.504967</td>\n",
       "      <td>256.288899</td>\n",
       "    </tr>\n",
       "    <tr>\n",
       "      <th>11</th>\n",
       "      <td>293.470612</td>\n",
       "      <td>115.000000</td>\n",
       "      <td>103.077641</td>\n",
       "      <td>144.308697</td>\n",
       "      <td>87.664132</td>\n",
       "      <td>281.859894</td>\n",
       "      <td>212.602916</td>\n",
       "      <td>175.601822</td>\n",
       "      <td>302.034766</td>\n",
       "      <td>302.803567</td>\n",
       "      <td>264.121184</td>\n",
       "      <td>0.000000</td>\n",
       "      <td>56.080300</td>\n",
       "      <td>147.898614</td>\n",
       "      <td>237.697286</td>\n",
       "      <td>179.847157</td>\n",
       "      <td>129.807550</td>\n",
       "      <td>143.055933</td>\n",
       "      <td>302.451649</td>\n",
       "      <td>58.137767</td>\n",
       "    </tr>\n",
       "    <tr>\n",
       "      <th>12</th>\n",
       "      <td>237.402612</td>\n",
       "      <td>59.464275</td>\n",
       "      <td>74.632433</td>\n",
       "      <td>188.281704</td>\n",
       "      <td>140.121376</td>\n",
       "      <td>233.105126</td>\n",
       "      <td>202.743681</td>\n",
       "      <td>168.359734</td>\n",
       "      <td>269.833282</td>\n",
       "      <td>264.092787</td>\n",
       "      <td>266.159726</td>\n",
       "      <td>56.080300</td>\n",
       "      <td>0.000000</td>\n",
       "      <td>139.186925</td>\n",
       "      <td>202.595656</td>\n",
       "      <td>136.894120</td>\n",
       "      <td>177.552809</td>\n",
       "      <td>125.299641</td>\n",
       "      <td>290.833286</td>\n",
       "      <td>112.805142</td>\n",
       "    </tr>\n",
       "    <tr>\n",
       "      <th>13</th>\n",
       "      <td>277.346354</td>\n",
       "      <td>163.624570</td>\n",
       "      <td>212.953046</td>\n",
       "      <td>157.190967</td>\n",
       "      <td>163.110392</td>\n",
       "      <td>201.943061</td>\n",
       "      <td>65.069194</td>\n",
       "      <td>307.327187</td>\n",
       "      <td>170.144057</td>\n",
       "      <td>185.148589</td>\n",
       "      <td>128.444541</td>\n",
       "      <td>147.898614</td>\n",
       "      <td>139.186925</td>\n",
       "      <td>0.000000</td>\n",
       "      <td>119.641130</td>\n",
       "      <td>258.953664</td>\n",
       "      <td>164.401946</td>\n",
       "      <td>264.304748</td>\n",
       "      <td>154.870914</td>\n",
       "      <td>160.654910</td>\n",
       "    </tr>\n",
       "    <tr>\n",
       "      <th>14</th>\n",
       "      <td>208.386660</td>\n",
       "      <td>188.904738</td>\n",
       "      <td>260.048072</td>\n",
       "      <td>276.812211</td>\n",
       "      <td>277.353565</td>\n",
       "      <td>96.566040</td>\n",
       "      <td>106.301458</td>\n",
       "      <td>357.737334</td>\n",
       "      <td>68.007353</td>\n",
       "      <td>67.007462</td>\n",
       "      <td>174.413302</td>\n",
       "      <td>237.697286</td>\n",
       "      <td>202.595656</td>\n",
       "      <td>119.641130</td>\n",
       "      <td>0.000000</td>\n",
       "      <td>271.007380</td>\n",
       "      <td>283.637092</td>\n",
       "      <td>309.782182</td>\n",
       "      <td>141.056726</td>\n",
       "      <td>268.477187</td>\n",
       "    </tr>\n",
       "    <tr>\n",
       "      <th>15</th>\n",
       "      <td>178.717654</td>\n",
       "      <td>95.351980</td>\n",
       "      <td>81.055537</td>\n",
       "      <td>322.691803</td>\n",
       "      <td>267.016853</td>\n",
       "      <td>248.809164</td>\n",
       "      <td>314.428052</td>\n",
       "      <td>120.203993</td>\n",
       "      <td>335.931541</td>\n",
       "      <td>313.249102</td>\n",
       "      <td>386.544952</td>\n",
       "      <td>179.847157</td>\n",
       "      <td>136.894120</td>\n",
       "      <td>258.953664</td>\n",
       "      <td>271.007380</td>\n",
       "      <td>0.000000</td>\n",
       "      <td>309.491518</td>\n",
       "      <td>82.462113</td>\n",
       "      <td>393.695314</td>\n",
       "      <td>236.315467</td>\n",
       "    </tr>\n",
       "    <tr>\n",
       "      <th>16</th>\n",
       "      <td>403.019851</td>\n",
       "      <td>235.416652</td>\n",
       "      <td>232.432786</td>\n",
       "      <td>22.472205</td>\n",
       "      <td>47.000000</td>\n",
       "      <td>357.816992</td>\n",
       "      <td>207.870152</td>\n",
       "      <td>291.015464</td>\n",
       "      <td>332.663494</td>\n",
       "      <td>349.542558</td>\n",
       "      <td>220.513038</td>\n",
       "      <td>129.807550</td>\n",
       "      <td>177.552809</td>\n",
       "      <td>164.401946</td>\n",
       "      <td>283.637092</td>\n",
       "      <td>309.491518</td>\n",
       "      <td>0.000000</td>\n",
       "      <td>267.478971</td>\n",
       "      <td>284.480228</td>\n",
       "      <td>77.524190</td>\n",
       "    </tr>\n",
       "    <tr>\n",
       "      <th>17</th>\n",
       "      <td>258.031006</td>\n",
       "      <td>121.210561</td>\n",
       "      <td>51.865210</td>\n",
       "      <td>284.692817</td>\n",
       "      <td>221.219348</td>\n",
       "      <td>309.622351</td>\n",
       "      <td>327.085616</td>\n",
       "      <td>48.259714</td>\n",
       "      <td>377.584428</td>\n",
       "      <td>362.498276</td>\n",
       "      <td>391.429432</td>\n",
       "      <td>143.055933</td>\n",
       "      <td>125.299641</td>\n",
       "      <td>264.304748</td>\n",
       "      <td>309.782182</td>\n",
       "      <td>82.462113</td>\n",
       "      <td>267.478971</td>\n",
       "      <td>0.000000</td>\n",
       "      <td>413.806718</td>\n",
       "      <td>190.065778</td>\n",
       "    </tr>\n",
       "    <tr>\n",
       "      <th>18</th>\n",
       "      <td>349.124620</td>\n",
       "      <td>301.423290</td>\n",
       "      <td>361.941984</td>\n",
       "      <td>268.033580</td>\n",
       "      <td>301.094669</td>\n",
       "      <td>229.682389</td>\n",
       "      <td>89.872131</td>\n",
       "      <td>458.847469</td>\n",
       "      <td>116.970082</td>\n",
       "      <td>158.760826</td>\n",
       "      <td>75.504967</td>\n",
       "      <td>302.451649</td>\n",
       "      <td>290.833286</td>\n",
       "      <td>154.870914</td>\n",
       "      <td>141.056726</td>\n",
       "      <td>393.695314</td>\n",
       "      <td>284.480228</td>\n",
       "      <td>413.806718</td>\n",
       "      <td>0.000000</td>\n",
       "      <td>307.156312</td>\n",
       "    </tr>\n",
       "    <tr>\n",
       "      <th>19</th>\n",
       "      <td>348.919762</td>\n",
       "      <td>172.246916</td>\n",
       "      <td>157.178243</td>\n",
       "      <td>96.046864</td>\n",
       "      <td>31.320920</td>\n",
       "      <td>325.756044</td>\n",
       "      <td>220.045450</td>\n",
       "      <td>214.084096</td>\n",
       "      <td>327.818547</td>\n",
       "      <td>335.335653</td>\n",
       "      <td>256.288899</td>\n",
       "      <td>58.137767</td>\n",
       "      <td>112.805142</td>\n",
       "      <td>160.654910</td>\n",
       "      <td>268.477187</td>\n",
       "      <td>236.315467</td>\n",
       "      <td>77.524190</td>\n",
       "      <td>190.065778</td>\n",
       "      <td>307.156312</td>\n",
       "      <td>0.000000</td>\n",
       "    </tr>\n",
       "  </tbody>\n",
       "</table>\n",
       "</div>"
      ],
      "text/plain": [
       "            0           1           2           3           4           5   \\\n",
       "0     0.000000  179.799889  233.773395  407.295961  373.419335  127.882759   \n",
       "1   179.799889    0.000000   73.824115  244.560831  199.424171  194.756258   \n",
       "2   233.773395   73.824115    0.000000  247.386338  188.308258  267.619132   \n",
       "3   407.295961  244.560831  247.386338    0.000000   67.082039  355.105618   \n",
       "4   373.419335  199.424171  188.308258   67.082039    0.000000  341.760150   \n",
       "5   127.882759  194.756258  267.619132  355.105618  341.760150    0.000000   \n",
       "6   302.001656  219.783985  275.363396  195.000000  217.267117  202.200396   \n",
       "7   298.886266  169.401889   98.290386  310.130618  244.018442  357.112027   \n",
       "8   248.937743  256.534598  328.024389  322.490310  333.016516  122.065556   \n",
       "9   210.440015  241.679540  315.063486  341.738204  344.326880   82.565126   \n",
       "10  377.058351  291.247318  340.565706  201.853908  244.468812  270.712024   \n",
       "11  293.470612  115.000000  103.077641  144.308697   87.664132  281.859894   \n",
       "12  237.402612   59.464275   74.632433  188.281704  140.121376  233.105126   \n",
       "13  277.346354  163.624570  212.953046  157.190967  163.110392  201.943061   \n",
       "14  208.386660  188.904738  260.048072  276.812211  277.353565   96.566040   \n",
       "15  178.717654   95.351980   81.055537  322.691803  267.016853  248.809164   \n",
       "16  403.019851  235.416652  232.432786   22.472205   47.000000  357.816992   \n",
       "17  258.031006  121.210561   51.865210  284.692817  221.219348  309.622351   \n",
       "18  349.124620  301.423290  361.941984  268.033580  301.094669  229.682389   \n",
       "19  348.919762  172.246916  157.178243   96.046864   31.320920  325.756044   \n",
       "\n",
       "            6           7           8           9           10          11  \\\n",
       "0   302.001656  298.886266  248.937743  210.440015  377.058351  293.470612   \n",
       "1   219.783985  169.401889  256.534598  241.679540  291.247318  115.000000   \n",
       "2   275.363396   98.290386  328.024389  315.063486  340.565706  103.077641   \n",
       "3   195.000000  310.130618  322.490310  341.738204  201.853908  144.308697   \n",
       "4   217.267117  244.018442  333.016516  344.326880  244.468812   87.664132   \n",
       "5   202.200396  357.112027  122.065556   82.565126  270.712024  281.859894   \n",
       "6     0.000000  371.101064  131.244047  159.154013   76.419893  212.602916   \n",
       "7   371.101064    0.000000  425.606626  410.757836  432.911076  175.601822   \n",
       "8   131.244047  425.606626    0.000000   42.720019  176.479461  302.034766   \n",
       "9   159.154013  410.757836   42.720019    0.000000  213.714763  302.803567   \n",
       "10   76.419893  432.911076  176.479461  213.714763    0.000000  264.121184   \n",
       "11  212.602916  175.601822  302.034766  302.803567  264.121184    0.000000   \n",
       "12  202.743681  168.359734  269.833282  264.092787  266.159726   56.080300   \n",
       "13   65.069194  307.327187  170.144057  185.148589  128.444541  147.898614   \n",
       "14  106.301458  357.737334   68.007353   67.007462  174.413302  237.697286   \n",
       "15  314.428052  120.203993  335.931541  313.249102  386.544952  179.847157   \n",
       "16  207.870152  291.015464  332.663494  349.542558  220.513038  129.807550   \n",
       "17  327.085616   48.259714  377.584428  362.498276  391.429432  143.055933   \n",
       "18   89.872131  458.847469  116.970082  158.760826   75.504967  302.451649   \n",
       "19  220.045450  214.084096  327.818547  335.335653  256.288899   58.137767   \n",
       "\n",
       "            12          13          14          15          16          17  \\\n",
       "0   237.402612  277.346354  208.386660  178.717654  403.019851  258.031006   \n",
       "1    59.464275  163.624570  188.904738   95.351980  235.416652  121.210561   \n",
       "2    74.632433  212.953046  260.048072   81.055537  232.432786   51.865210   \n",
       "3   188.281704  157.190967  276.812211  322.691803   22.472205  284.692817   \n",
       "4   140.121376  163.110392  277.353565  267.016853   47.000000  221.219348   \n",
       "5   233.105126  201.943061   96.566040  248.809164  357.816992  309.622351   \n",
       "6   202.743681   65.069194  106.301458  314.428052  207.870152  327.085616   \n",
       "7   168.359734  307.327187  357.737334  120.203993  291.015464   48.259714   \n",
       "8   269.833282  170.144057   68.007353  335.931541  332.663494  377.584428   \n",
       "9   264.092787  185.148589   67.007462  313.249102  349.542558  362.498276   \n",
       "10  266.159726  128.444541  174.413302  386.544952  220.513038  391.429432   \n",
       "11   56.080300  147.898614  237.697286  179.847157  129.807550  143.055933   \n",
       "12    0.000000  139.186925  202.595656  136.894120  177.552809  125.299641   \n",
       "13  139.186925    0.000000  119.641130  258.953664  164.401946  264.304748   \n",
       "14  202.595656  119.641130    0.000000  271.007380  283.637092  309.782182   \n",
       "15  136.894120  258.953664  271.007380    0.000000  309.491518   82.462113   \n",
       "16  177.552809  164.401946  283.637092  309.491518    0.000000  267.478971   \n",
       "17  125.299641  264.304748  309.782182   82.462113  267.478971    0.000000   \n",
       "18  290.833286  154.870914  141.056726  393.695314  284.480228  413.806718   \n",
       "19  112.805142  160.654910  268.477187  236.315467   77.524190  190.065778   \n",
       "\n",
       "            18          19  \n",
       "0   349.124620  348.919762  \n",
       "1   301.423290  172.246916  \n",
       "2   361.941984  157.178243  \n",
       "3   268.033580   96.046864  \n",
       "4   301.094669   31.320920  \n",
       "5   229.682389  325.756044  \n",
       "6    89.872131  220.045450  \n",
       "7   458.847469  214.084096  \n",
       "8   116.970082  327.818547  \n",
       "9   158.760826  335.335653  \n",
       "10   75.504967  256.288899  \n",
       "11  302.451649   58.137767  \n",
       "12  290.833286  112.805142  \n",
       "13  154.870914  160.654910  \n",
       "14  141.056726  268.477187  \n",
       "15  393.695314  236.315467  \n",
       "16  284.480228   77.524190  \n",
       "17  413.806718  190.065778  \n",
       "18    0.000000  307.156312  \n",
       "19  307.156312    0.000000  "
      ]
     },
     "execution_count": 148,
     "metadata": {},
     "output_type": "execute_result"
    }
   ],
   "source": [
    "distances = optimization.compute_distances(cities)\n",
    "pd.DataFrame(distances)"
   ]
  },
  {
   "cell_type": "markdown",
   "metadata": {},
   "source": [
    "# Floyd Warshall"
   ]
  },
  {
   "cell_type": "code",
   "execution_count": 91,
   "metadata": {},
   "outputs": [
    {
     "name": "stdout",
     "output_type": "stream",
     "text": [
      "matriks awal\n",
      "\n",
      "[[999. 999.   2. 999.]\n",
      " [  4. 999.   3. 999.]\n",
      " [999. 999. 999.   2.]\n",
      " [999.   1. 999. 999.]]\n",
      "\n",
      "matriks floyd_warshall\n",
      "\n",
      "[[0. 5. 2. 4.]\n",
      " [4. 0. 3. 5.]\n",
      " [7. 3. 0. 2.]\n",
      " [5. 1. 4. 0.]]\n",
      "\n",
      "result\n",
      "pasangan     jarak    jalur\n",
      "1 → 4          4      1 → 3 → 4\n"
     ]
    }
   ],
   "source": [
    "#hasil matriks floyd_warshall\n",
    "print(\"matriks awal\\n\")\n",
    "print(S)\n",
    "dist,nxt,res = optimization.floyd_warshall(S,1,4)\n",
    "print(\"\\nmatriks floyd_warshall\\n\")\n",
    "print(dist)\n",
    "print(\"\\nresult\")\n",
    "print(res)"
   ]
  },
  {
   "cell_type": "markdown",
   "metadata": {},
   "source": [
    "# prism algorithm"
   ]
  },
  {
   "cell_type": "code",
   "execution_count": 83,
   "metadata": {},
   "outputs": [],
   "source": [
    "#buat matriks\n",
    "n = 9\n",
    "S = np.zeros((n,n))"
   ]
  },
  {
   "cell_type": "code",
   "execution_count": 84,
   "metadata": {},
   "outputs": [],
   "source": [
    "#isi matriks floyd_warshall\n",
    "S[0,1]=4\n",
    "S[0,7]=8\n",
    "S[1,2]=8\n",
    "S[1,7]=11\n",
    "S[2,3]=7\n",
    "\n",
    "S[2,5]=2\n",
    "S[2,8]=4\n",
    "S[3,4]=9\n",
    "S[3,5]=14\n",
    "S[4,5]=10\n",
    "S[5,6]=2\n",
    "S[6,8]=6\n",
    "S[6,7]=1\n",
    "S[7,8]=7"
   ]
  },
  {
   "cell_type": "code",
   "execution_count": 106,
   "metadata": {},
   "outputs": [
    {
     "name": "stdout",
     "output_type": "stream",
     "text": [
      "matriks awal\n",
      "\n",
      "[[ 0.  4.  0.  0.  0.  0.  0.  8.  0.]\n",
      " [ 0.  0.  8.  0.  0.  0.  0. 11.  0.]\n",
      " [ 0.  0.  0.  7.  0.  2.  0.  0.  4.]\n",
      " [ 0.  0.  0.  0.  9. 14.  0.  0.  0.]\n",
      " [ 0.  0.  0.  0.  0. 10.  0.  0.  0.]\n",
      " [ 0.  0.  0.  0.  0.  0.  2.  0.  0.]\n",
      " [ 0.  0.  0.  0.  0.  0.  0.  1.  6.]\n",
      " [ 0.  0.  0.  0.  0.  0.  0.  0.  7.]\n",
      " [ 0.  0.  0.  0.  0.  0.  0.  0.  0.]]\n",
      "\n",
      "\n",
      "matriks floyd_warshall\n",
      "\n"
     ]
    },
    {
     "data": {
      "text/html": [
       "<div>\n",
       "<style scoped>\n",
       "    .dataframe tbody tr th:only-of-type {\n",
       "        vertical-align: middle;\n",
       "    }\n",
       "\n",
       "    .dataframe tbody tr th {\n",
       "        vertical-align: top;\n",
       "    }\n",
       "\n",
       "    .dataframe thead th {\n",
       "        text-align: right;\n",
       "    }\n",
       "</style>\n",
       "<table border=\"1\" class=\"dataframe\">\n",
       "  <thead>\n",
       "    <tr style=\"text-align: right;\">\n",
       "      <th></th>\n",
       "      <th>From</th>\n",
       "      <th>To</th>\n",
       "      <th>Distance</th>\n",
       "      <th>Cumulative</th>\n",
       "    </tr>\n",
       "  </thead>\n",
       "  <tbody>\n",
       "    <tr>\n",
       "      <th>0</th>\n",
       "      <td>0</td>\n",
       "      <td>1</td>\n",
       "      <td>4.0</td>\n",
       "      <td>4.0</td>\n",
       "    </tr>\n",
       "    <tr>\n",
       "      <th>1</th>\n",
       "      <td>0</td>\n",
       "      <td>7</td>\n",
       "      <td>8.0</td>\n",
       "      <td>12.0</td>\n",
       "    </tr>\n",
       "    <tr>\n",
       "      <th>2</th>\n",
       "      <td>7</td>\n",
       "      <td>8</td>\n",
       "      <td>7.0</td>\n",
       "      <td>19.0</td>\n",
       "    </tr>\n",
       "    <tr>\n",
       "      <th>3</th>\n",
       "      <td>1</td>\n",
       "      <td>2</td>\n",
       "      <td>8.0</td>\n",
       "      <td>27.0</td>\n",
       "    </tr>\n",
       "    <tr>\n",
       "      <th>4</th>\n",
       "      <td>2</td>\n",
       "      <td>5</td>\n",
       "      <td>2.0</td>\n",
       "      <td>29.0</td>\n",
       "    </tr>\n",
       "    <tr>\n",
       "      <th>5</th>\n",
       "      <td>5</td>\n",
       "      <td>6</td>\n",
       "      <td>2.0</td>\n",
       "      <td>31.0</td>\n",
       "    </tr>\n",
       "    <tr>\n",
       "      <th>6</th>\n",
       "      <td>2</td>\n",
       "      <td>3</td>\n",
       "      <td>7.0</td>\n",
       "      <td>38.0</td>\n",
       "    </tr>\n",
       "    <tr>\n",
       "      <th>7</th>\n",
       "      <td>3</td>\n",
       "      <td>4</td>\n",
       "      <td>9.0</td>\n",
       "      <td>47.0</td>\n",
       "    </tr>\n",
       "  </tbody>\n",
       "</table>\n",
       "</div>"
      ],
      "text/plain": [
       "   From  To  Distance  Cumulative\n",
       "0     0   1       4.0         4.0\n",
       "1     0   7       8.0        12.0\n",
       "2     7   8       7.0        19.0\n",
       "3     1   2       8.0        27.0\n",
       "4     2   5       2.0        29.0\n",
       "5     5   6       2.0        31.0\n",
       "6     2   3       7.0        38.0\n",
       "7     3   4       9.0        47.0"
      ]
     },
     "execution_count": 106,
     "metadata": {},
     "output_type": "execute_result"
    }
   ],
   "source": [
    "#hasil matriks floyd_warshall\n",
    "print(\"matriks awal\\n\")\n",
    "print(S)\n",
    "res = optimization.prims(S)\n",
    "print(\"\\n\\nmatriks floyd_warshall\\n\")\n",
    "res"
   ]
  },
  {
   "cell_type": "markdown",
   "metadata": {},
   "source": [
    "# Linear Network Models - Shortest Paths"
   ]
  },
  {
   "cell_type": "markdown",
   "metadata": {},
   "source": [
    "## generate data"
   ]
  },
  {
   "cell_type": "code",
   "execution_count": 155,
   "metadata": {},
   "outputs": [],
   "source": [
    "test=optimization.shortest_path(get='generate data',n=13)"
   ]
  },
  {
   "cell_type": "code",
   "execution_count": 156,
   "metadata": {},
   "outputs": [
    {
     "data": {
      "text/html": [
       "<div>\n",
       "<style scoped>\n",
       "    .dataframe tbody tr th:only-of-type {\n",
       "        vertical-align: middle;\n",
       "    }\n",
       "\n",
       "    .dataframe tbody tr th {\n",
       "        vertical-align: top;\n",
       "    }\n",
       "\n",
       "    .dataframe thead th {\n",
       "        text-align: right;\n",
       "    }\n",
       "</style>\n",
       "<table border=\"1\" class=\"dataframe\">\n",
       "  <thead>\n",
       "    <tr style=\"text-align: right;\">\n",
       "      <th></th>\n",
       "      <th>P0</th>\n",
       "      <th>P1</th>\n",
       "      <th>P2</th>\n",
       "      <th>P3</th>\n",
       "      <th>P4</th>\n",
       "      <th>P5</th>\n",
       "      <th>P6</th>\n",
       "      <th>P7</th>\n",
       "      <th>P8</th>\n",
       "      <th>P9</th>\n",
       "      <th>P10</th>\n",
       "      <th>P11</th>\n",
       "      <th>P12</th>\n",
       "    </tr>\n",
       "  </thead>\n",
       "  <tbody>\n",
       "    <tr>\n",
       "      <th>P0</th>\n",
       "      <td>0.0</td>\n",
       "      <td>16.0</td>\n",
       "      <td>0.0</td>\n",
       "      <td>57.0</td>\n",
       "      <td>49.0</td>\n",
       "      <td>0.0</td>\n",
       "      <td>0.0</td>\n",
       "      <td>0.0</td>\n",
       "      <td>0.0</td>\n",
       "      <td>0.0</td>\n",
       "      <td>0.0</td>\n",
       "      <td>0.0</td>\n",
       "      <td>0.0</td>\n",
       "    </tr>\n",
       "    <tr>\n",
       "      <th>P1</th>\n",
       "      <td>16.0</td>\n",
       "      <td>0.0</td>\n",
       "      <td>0.0</td>\n",
       "      <td>46.0</td>\n",
       "      <td>0.0</td>\n",
       "      <td>0.0</td>\n",
       "      <td>60.0</td>\n",
       "      <td>86.0</td>\n",
       "      <td>0.0</td>\n",
       "      <td>0.0</td>\n",
       "      <td>0.0</td>\n",
       "      <td>0.0</td>\n",
       "      <td>0.0</td>\n",
       "    </tr>\n",
       "    <tr>\n",
       "      <th>P2</th>\n",
       "      <td>0.0</td>\n",
       "      <td>28.0</td>\n",
       "      <td>0.0</td>\n",
       "      <td>0.0</td>\n",
       "      <td>0.0</td>\n",
       "      <td>0.0</td>\n",
       "      <td>44.0</td>\n",
       "      <td>63.0</td>\n",
       "      <td>61.0</td>\n",
       "      <td>0.0</td>\n",
       "      <td>0.0</td>\n",
       "      <td>0.0</td>\n",
       "      <td>0.0</td>\n",
       "    </tr>\n",
       "    <tr>\n",
       "      <th>P3</th>\n",
       "      <td>57.0</td>\n",
       "      <td>0.0</td>\n",
       "      <td>0.0</td>\n",
       "      <td>0.0</td>\n",
       "      <td>0.0</td>\n",
       "      <td>0.0</td>\n",
       "      <td>14.0</td>\n",
       "      <td>45.0</td>\n",
       "      <td>41.0</td>\n",
       "      <td>0.0</td>\n",
       "      <td>0.0</td>\n",
       "      <td>0.0</td>\n",
       "      <td>0.0</td>\n",
       "    </tr>\n",
       "    <tr>\n",
       "      <th>P4</th>\n",
       "      <td>0.0</td>\n",
       "      <td>45.0</td>\n",
       "      <td>48.0</td>\n",
       "      <td>0.0</td>\n",
       "      <td>0.0</td>\n",
       "      <td>18.0</td>\n",
       "      <td>33.0</td>\n",
       "      <td>0.0</td>\n",
       "      <td>62.0</td>\n",
       "      <td>0.0</td>\n",
       "      <td>0.0</td>\n",
       "      <td>0.0</td>\n",
       "      <td>0.0</td>\n",
       "    </tr>\n",
       "    <tr>\n",
       "      <th>P5</th>\n",
       "      <td>51.0</td>\n",
       "      <td>52.0</td>\n",
       "      <td>0.0</td>\n",
       "      <td>42.0</td>\n",
       "      <td>0.0</td>\n",
       "      <td>0.0</td>\n",
       "      <td>51.0</td>\n",
       "      <td>83.0</td>\n",
       "      <td>0.0</td>\n",
       "      <td>0.0</td>\n",
       "      <td>0.0</td>\n",
       "      <td>35.0</td>\n",
       "      <td>0.0</td>\n",
       "    </tr>\n",
       "    <tr>\n",
       "      <th>P6</th>\n",
       "      <td>71.0</td>\n",
       "      <td>0.0</td>\n",
       "      <td>44.0</td>\n",
       "      <td>0.0</td>\n",
       "      <td>0.0</td>\n",
       "      <td>0.0</td>\n",
       "      <td>0.0</td>\n",
       "      <td>0.0</td>\n",
       "      <td>28.0</td>\n",
       "      <td>0.0</td>\n",
       "      <td>0.0</td>\n",
       "      <td>32.0</td>\n",
       "      <td>0.0</td>\n",
       "    </tr>\n",
       "    <tr>\n",
       "      <th>P7</th>\n",
       "      <td>0.0</td>\n",
       "      <td>86.0</td>\n",
       "      <td>63.0</td>\n",
       "      <td>45.0</td>\n",
       "      <td>66.0</td>\n",
       "      <td>0.0</td>\n",
       "      <td>32.0</td>\n",
       "      <td>0.0</td>\n",
       "      <td>4.0</td>\n",
       "      <td>69.0</td>\n",
       "      <td>0.0</td>\n",
       "      <td>0.0</td>\n",
       "      <td>0.0</td>\n",
       "    </tr>\n",
       "    <tr>\n",
       "      <th>P8</th>\n",
       "      <td>0.0</td>\n",
       "      <td>0.0</td>\n",
       "      <td>61.0</td>\n",
       "      <td>41.0</td>\n",
       "      <td>62.0</td>\n",
       "      <td>79.0</td>\n",
       "      <td>28.0</td>\n",
       "      <td>0.0</td>\n",
       "      <td>0.0</td>\n",
       "      <td>0.0</td>\n",
       "      <td>13.0</td>\n",
       "      <td>0.0</td>\n",
       "      <td>21.0</td>\n",
       "    </tr>\n",
       "    <tr>\n",
       "      <th>P9</th>\n",
       "      <td>0.0</td>\n",
       "      <td>0.0</td>\n",
       "      <td>0.0</td>\n",
       "      <td>40.0</td>\n",
       "      <td>26.0</td>\n",
       "      <td>0.0</td>\n",
       "      <td>41.0</td>\n",
       "      <td>69.0</td>\n",
       "      <td>0.0</td>\n",
       "      <td>0.0</td>\n",
       "      <td>55.0</td>\n",
       "      <td>11.0</td>\n",
       "      <td>80.0</td>\n",
       "    </tr>\n",
       "    <tr>\n",
       "      <th>P10</th>\n",
       "      <td>0.0</td>\n",
       "      <td>0.0</td>\n",
       "      <td>0.0</td>\n",
       "      <td>0.0</td>\n",
       "      <td>0.0</td>\n",
       "      <td>73.0</td>\n",
       "      <td>0.0</td>\n",
       "      <td>17.0</td>\n",
       "      <td>0.0</td>\n",
       "      <td>0.0</td>\n",
       "      <td>0.0</td>\n",
       "      <td>0.0</td>\n",
       "      <td>0.0</td>\n",
       "    </tr>\n",
       "    <tr>\n",
       "      <th>P11</th>\n",
       "      <td>0.0</td>\n",
       "      <td>0.0</td>\n",
       "      <td>0.0</td>\n",
       "      <td>0.0</td>\n",
       "      <td>0.0</td>\n",
       "      <td>35.0</td>\n",
       "      <td>0.0</td>\n",
       "      <td>0.0</td>\n",
       "      <td>0.0</td>\n",
       "      <td>11.0</td>\n",
       "      <td>0.0</td>\n",
       "      <td>0.0</td>\n",
       "      <td>68.0</td>\n",
       "    </tr>\n",
       "    <tr>\n",
       "      <th>P12</th>\n",
       "      <td>0.0</td>\n",
